{
  "theorem1": true,
  "theorem1_details": {
    "gamma_convergence": true,
    "lower_bound": {
      "epsilons": [
        0.5,
        0.25,
        0.1,
        0.05,
        0.02,
        0.01
      ],
      "discrete_actions": [
        5.085532825853649,
        4.1710656517072975,
        6.227664129268245,
        6.082704706965497,
        5.993787761675962,
        5.964230406467175
      ],
      "continuous_action": 5.924287092301492,
      "ratios": [
        0.8584210634326298,
        0.7040620393173593,
        1.0512090370098683,
        1.0267403676080902,
        1.0117314823356187,
        1.0067422988696122
      ],
      "converged": true
    },
    "recovery": {
      "epsilons": [
        0.5,
        0.25,
        0.1,
        0.05,
        0.02,
        0.01
      ],
      "recovery_paths": [
        [
          [
            0.0,
            0.0
          ],
          [
            0.3420201433256687,
            -0.06030737921409167
          ],
          [
            0.6427876096865393,
            -0.23395555688102193
          ],
          [
            0.8660254037844386,
            -0.49999999999999994
          ],
          [
            0.9848077530122081,
            -0.8263518223330696
          ],
          [
            0.984807753012208,
            -1.1736481776669303
          ],
          [
            0.8660254037844388,
            -1.5
          ],
          [
            0.6427876096865397,
            -1.7660444431189777
          ],
          [
            0.3420201433256688,
            -1.9396926207859082
          ],
          [
            1.2246467991473532e-16,
            -2.0
          ]
        ],
        [
          [
            0.0,
            0.0
          ],
          [
            0.3420201433256687,
            -0.06030737921409167
          ],
          [
            0.6427876096865393,
            -0.23395555688102193
          ],
          [
            0.8660254037844386,
            -0.49999999999999994
          ],
          [
            0.9848077530122081,
            -0.8263518223330696
          ],
          [
            0.984807753012208,
            -1.1736481776669303
          ],
          [
            0.8660254037844388,
            -1.5
          ],
          [
            0.6427876096865397,
            -1.7660444431189777
          ],
          [
            0.3420201433256688,
            -1.9396926207859082
          ],
          [
            1.2246467991473532e-16,
            -2.0
          ]
        ],
        [
          [
            0.0,
            0.0
          ],
          [
            0.3420201433256687,
            -0.06030737921409167
          ],
          [
            0.6427876096865393,
            -0.23395555688102193
          ],
          [
            0.8660254037844386,
            -0.49999999999999994
          ],
          [
            0.9848077530122081,
            -0.8263518223330696
          ],
          [
            0.984807753012208,
            -1.1736481776669303
          ],
          [
            0.8660254037844388,
            -1.5
          ],
          [
            0.6427876096865397,
            -1.7660444431189777
          ],
          [
            0.3420201433256688,
            -1.9396926207859082
          ],
          [
            1.2246467991473532e-16,
            -2.0
          ]
        ],
        [
          [
            0.0,
            0.0
          ],
          [
            0.16458031142325732,
            -0.013721151621224146
          ],
          [
            0.3246594236467741,
            -0.05429877571380708
          ],
          [
            0.4758919202788156,
            -0.1206294386620061
          ],
          [
            0.6141719771944002,
            -0.2109126163959065
          ],
          [
            0.7357052805363082,
            -0.3227352556855965
          ],
          [
            0.8370844797175985,
            -0.4531048298853654
          ],
          [
            0.9156583473940219,
            -0.5983549336180515
          ],
          [
            0.9692949126087207,
            -0.7545416292756438
          ],
          [
            0.9965372694792384,
            -0.9174249649280302
          ],
          [
            0.9965372694792384,
            -1.0825750350719696
          ],
          [
            0.9692949126087208,
            -1.245458370724356
          ],
          [
            0.915658347394022,
            -1.4016450663819484
          ],
          [
            0.8370844797175985,
            -1.5468951701146343
          ],
          [
            0.7357052805363083,
            -1.6772647443144033
          ],
          [
            0.6141719771944003,
            -1.7890873836040933
          ],
          [
            0.47589192027881594,
            -1.8793705613379936
          ],
          [
            0.3246594236467745,
            -1.9457012242861926
          ],
          [
            0.16458031142325744,
            -1.9862788483787757
          ],
          [
            1.2246467991473532e-16,
            -2.0
          ]
        ],
        [
          [
            0.0,
            0.0
          ],
          [
            0.06406947320039344,
            -0.002064645036254334
          ],
          [
            0.12787445122271254,
            -0.008229510604078168
          ],
          [
            0.1911528334477243,
            -0.018469195209372864
          ],
          [
            0.2536446867451894,
            -0.032741562096040386
          ],
          [
            0.3150933128033015,
            -0.05098791256058904
          ],
          [
            0.37524630215987276,
            -0.07313322725951953
          ],
          [
            0.43385657060892,
            -0.09908647451790703
          ],
          [
            0.49068337372870335,
            -0.12874098437263265
          ],
          [
            0.5454932953671191,
            -0.16197488681396438
          ],
          [
            0.5980612060272863,
            -0.1986516124257314
          ],
          [
            0.648171187219749,
            -0.23862045336827611
          ],
          [
            0.6956174179874387,
            -0.28171718240074584
          ],
          [
            0.7402050199648276,
            -0.32776472740111284
          ],
          [
            0.7817508575029212,
            -0.37657389861457913
          ],
          [
            0.8200842895761833,
            -0.42794416564464494
          ],
          [
            0.855047870385408,
            -0.4816644809970085
          ],
          [
            0.8864979957811293,
            -0.5375141467954284
          ],
          [
            0.9143054928545414,
            -0.5952637211115347
          ],
          [
            0.9383561502761611,
            -0.6546759601880169
          ],
          [
            0.9585511872056527,
            -0.715506792687333
          ],
          [
            0.9748076588483575,
            -0.777506321966674
          ],
          [
            0.9870587969940844,
            -0.8404198522649102
          ],
          [
            0.9952542841405567,
            -0.9039889345891342
          ],
          [
            0.9993604600764939,
            -0.9679524280075723
          ],
          [
            0.9993604600764939,
            -1.0320475719924274
          ],
          [
            0.9952542841405568,
            -1.0960110654108655
          ],
          [
            0.9870587969940845,
            -1.1595801477350893
          ],
          [
            0.9748076588483575,
            -1.2224936780333258
          ],
          [
            0.9585511872056528,
            -1.2844932073126667
          ],
          [
            0.9383561502761614,
            -1.3453240398119826
          ],
          [
            0.9143054928545417,
            -1.404736278888465
          ],
          [
            0.8864979957811294,
            -1.4624858532045713
          ],
          [
            0.8550478703854081,
            -1.5183355190029912
          ],
          [
            0.8200842895761834,
            -1.5720558343553548
          ],
          [
            0.7817508575029214,
            -1.6234261013854205
          ],
          [
            0.7402050199648278,
            -1.672235272598887
          ],
          [
            0.6956174179874389,
            -1.7182828175992537
          ],
          [
            0.6481711872197493,
            -1.7613795466317237
          ],
          [
            0.5980612060272866,
            -1.8013483875742684
          ],
          [
            0.5454932953671194,
            -1.8380251131860355
          ],
          [
            0.4906833737287038,
            -1.8712590156273672
          ],
          [
            0.43385657060892024,
            -1.9009135254820928
          ],
          [
            0.37524630215987276,
            -1.9268667727404805
          ],
          [
            0.3150933128033021,
            -1.9490120874394108
          ],
          [
            0.2536446867451899,
            -1.9672584379039597
          ],
          [
            0.19115283344772455,
            -1.981530804790627
          ],
          [
            0.12787445122271301,
            -1.9917704893959218
          ],
          [
            0.06406947320039369,
            -1.9979353549637455
          ],
          [
            1.2246467991473532e-16,
            -2.0
          ]
        ],
        [
          [
            0.0,
            0.0
          ],
          [
            0.03172793349806765,
            -0.0005034576168149174
          ],
          [
            0.0634239196565645,
            -0.0020133235281155626
          ],
          [
            0.09505604330418266,
            -0.004528077426915411
          ],
          [
            0.12659245357374926,
            -0.00804518716920466
          ],
          [
            0.15800139597334992,
            -0.012561111323605711
          ],
          [
            0.1892512443604102,
            -0.018071302737293293
          ],
          [
            0.22031053278654067,
            -0.024570213114592954
          ],
          [
            0.2511479871810792,
            -0.03205129860364375
          ],
          [
            0.28173255684142967,
            -0.04050702638550263
          ],
          [
            0.3120334456984871,
            -0.049928882259054674
          ],
          [
            0.34202014332566877,
            -0.06030737921409168
          ],
          [
            0.3716624556603275,
            -0.07163206698392732
          ],
          [
            0.4009305354066137,
            -0.08389154256793041
          ],
          [
            0.4297949120891717,
            -0.09707346171337883
          ],
          [
            0.4582265217274104,
            -0.11116455134507652
          ],
          [
            0.4861967361004687,
            -0.12615062293021506
          ],
          [
            0.5136773915734064,
            -0.14201658676502305
          ],
          [
            0.5406408174555976,
            -0.1587464671688188
          ],
          [
            0.5670598638627707,
            -0.1763234185701672
          ],
          [
            0.5929079290546405,
            -0.19472974246894148
          ],
          [
            0.6181589862206052,
            -0.2139469052572125
          ],
          [
            0.6427876096865394,
            -0.233955556881022
          ],
          [
            0.6667690005162916,
            -0.25473555032424533
          ],
          [
            0.6900790114821119,
            -0.2762659618949298
          ],
          [
            0.7126941713788629,
            -0.29852511229367873
          ],
          [
            0.7345917086575333,
            -0.3214905884428678
          ],
          [
            0.7557495743542583,
            -0.345139266054715
          ],
          [
            0.7761464642917569,
            -0.3694473329154776
          ],
          [
            0.7957618405308321,
            -0.3943903128623333
          ],
          [
            0.8145759520503357,
            -0.41994309042880185
          ],
          [
            0.8325698546347714,
            -0.44607993613388974
          ],
          [
            0.8497254299495144,
            -0.4727745323894976
          ],
          [
            0.8660254037844387,
            -0.5000000000000001
          ],
          [
            0.8814533634475822,
            -0.5277289252273174
          ],
          [
            0.8959937742913359,
            -0.555933387394226
          ],
          [
            0.9096319953545183,
            -0.5845849869981136
          ],
          [
            0.9223542941045815,
            -0.6136548743068715
          ],
          [
            0.9341478602651067,
            -0.6431137784081281
          ],
          [
            0.9450008187146685,
            -0.6729320366825784
          ],
          [
            0.954902241444074,
            -0.7030796246717252
          ],
          [
            0.963842158559942,
            -0.733526186309965
          ],
          [
            0.9718115683235417,
            -0.7642410644905727
          ],
          [
            0.9788024462147787,
            -0.7951933319348093
          ],
          [
            0.9848077530122081,
            -0.8263518223330698
          ],
          [
            0.9898214418809327,
            -0.8576851617267149
          ],
          [
            0.9938384644612541,
            -0.8891618000989892
          ],
          [
            0.9968547759519424,
            -0.9207500431432117
          ],
          [
            0.998867339183008,
            -0.9524180841762576
          ],
          [
            0.9998741276738751,
            -0.984134036165192
          ],
          [
            0.9998741276738751,
            -1.015865963834808
          ],
          [
            0.998867339183008,
            -1.0475819158237425
          ],
          [
            0.9968547759519424,
            -1.0792499568567886
          ],
          [
            0.9938384644612541,
            -1.110838199901011
          ],
          [
            0.9898214418809327,
            -1.1423148382732853
          ],
          [
            0.984807753012208,
            -1.1736481776669303
          ],
          [
            0.9788024462147786,
            -1.204806668065191
          ],
          [
            0.9718115683235417,
            -1.2357589355094274
          ],
          [
            0.9638421585599422,
            -1.2664738136900349
          ],
          [
            0.9549022414440739,
            -1.296920375328275
          ],
          [
            0.9450008187146685,
            -1.3270679633174216
          ],
          [
            0.9341478602651067,
            -1.356886221591872
          ],
          [
            0.9223542941045814,
            -1.3863451256931287
          ],
          [
            0.9096319953545182,
            -1.4154150130018868
          ],
          [
            0.8959937742913359,
            -1.4440666126057742
          ],
          [
            0.8814533634475821,
            -1.4722710747726826
          ],
          [
            0.8660254037844386,
            -1.5000000000000002
          ],
          [
            0.8497254299495143,
            -1.5272254676105024
          ],
          [
            0.8325698546347711,
            -1.5539200638661106
          ],
          [
            0.8145759520503357,
            -1.580056909571198
          ],
          [
            0.795761840530832,
            -1.6056096871376668
          ],
          [
            0.7761464642917567,
            -1.6305526670845225
          ],
          [
            0.7557495743542583,
            -1.654860733945285
          ],
          [
            0.7345917086575331,
            -1.6785094115571324
          ],
          [
            0.7126941713788627,
            -1.7014748877063215
          ],
          [
            0.6900790114821119,
            -1.72373403810507
          ],
          [
            0.6667690005162916,
            -1.7452644496757546
          ],
          [
            0.6427876096865395,
            -1.766044443118978
          ],
          [
            0.6181589862206052,
            -1.7860530947427875
          ],
          [
            0.5929079290546404,
            -1.8052702575310586
          ],
          [
            0.5670598638627704,
            -1.823676581429833
          ],
          [
            0.5406408174555974,
            -1.8412535328311814
          ],
          [
            0.5136773915734063,
            -1.857983413234977
          ],
          [
            0.4861967361004687,
            -1.873849377069785
          ],
          [
            0.4582265217274105,
            -1.8888354486549233
          ],
          [
            0.4297949120891714,
            -1.9029265382866214
          ],
          [
            0.4009305354066136,
            -1.9161084574320695
          ],
          [
            0.37166245566032713,
            -1.9283679330160728
          ],
          [
            0.3420201433256685,
            -1.9396926207859084
          ],
          [
            0.31203344569848696,
            -1.9500711177409453
          ],
          [
            0.28173255684142967,
            -1.9594929736144975
          ],
          [
            0.2511479871810793,
            -1.9679487013963564
          ],
          [
            0.22031053278654036,
            -1.9754297868854072
          ],
          [
            0.18925124436041008,
            -1.9819286972627066
          ],
          [
            0.15800139597334945,
            -1.9874388886763943
          ],
          [
            0.12659245357374938,
            -1.9919548128307953
          ],
          [
            0.09505604330418288,
            -1.9954719225730846
          ],
          [
            0.0634239196565644,
            -1.9979866764718843
          ],
          [
            0.031727933498067656,
            -1.9994965423831852
          ],
          [
            1.2246467991473532e-16,
            -2.0
          ]
        ]
      ],
      "discrete_actions": [
        5.085532825853649,
        4.1710656517072975,
        6.227664129268245,
        6.081758316025873,
        5.992861192526348,
        5.964230406467175
      ],
      "continuous_action": 5.924287092301492,
      "errors": [
        0.8387542664478431,
        1.7532214405941948,
        0.30337703696675256,
        0.1574712237243805,
        0.06857410022485588,
        0.039943314165682864
      ],
      "converged": true
    },
    "closure_defects": [
      0.6040459651609567,
      0.8647652631409276,
      1.016039342624082,
      1.0188553665548619,
      1.0615028860396012,
      1.0406525155845585,
      1.0353914118591234,
      1.0599275584297196,
      1.0929629018734477,
      1.0007200695777105,
      1.0811994585890476,
      1.0848543396314614,
      1.0596486733500008,
      1.0875910621041496,
      1.058050657851334,
      1.0406472940162552,
      1.0547943963435504,
      1.012578990230915,
      1.0787802550128698,
      1.0174239846711286,
      1.0638958969586614,
      1.0354934185482494,
      1.0587228645629494,
      1.0653789192936531,
      1.0502920413931003,
      1.0386273023632928,
      1.0967428693689572,
      1.0628894302777359,
      1.0336360465869205,
      1.0990548376160407,
      1.0511760845585845,
      1.0574581047553322,
      1.0995123403260998,
      1.0696350151180927,
      1.0855918549389538,
      1.0972072289852473,
      1.0944679021424293,
      1.0411847615275318,
      1.00012244211436,
      1.0366698236507605,
      1.0048842667286486,
      1.07777686694499,
      1.035900518225863,
      1.0711228052850437,
      1.047469059598518,
      1.0670882632715317,
      1.039575777191048,
      1.0601717309873242,
      1.094843909992359,
      1.0123171546642877,
      1.0247380202754417
    ],
    "fixed_points_count": 100
  },
  "theorem2": "True",
  "theorem2_details": {
    "hjb_solution": [
      [
        [
          0.0,
          0.011080332409972297,
          0.04432132963988919,
          0.09972299168975068,
          0.17728531855955676,
          0.27700831024930744,
          0.39889196675900274,
          0.5429362880886426,
          0.709141274238227,
          0.8975069252077561,
          1.1080332409972298,
          1.3407202216066483,
          1.595567867036011,
          1.872576177285318,
          2.1717451523545703,
          2.4930747922437675,
          2.836565096952908,
          3.2022160664819936,
          3.5900277008310244,
          4.0
        ],
        [
          0.011080332409972297,
          0.022160664819944595,
          0.05540166204986149,
          0.11080332409972299,
          0.18836565096952906,
          0.2880886426592798,
          0.4099722991689751,
          0.5540166204986149,
          0.7202216066481995,
          0.9085872576177284,
          1.119113573407202,
          1.3518005540166202,
          1.6066481994459834,
          1.88365650969529,
          2.1828254847645425,
          2.5041551246537392,
          2.847645429362881,
          3.2132963988919654,
          3.6011080332409966,
          4.011080332409972
        ],
        [
          0.04432132963988919,
          0.05540166204986149,
          0.08864265927977838,
          0.14404432132963987,
          0.22160664819944595,
          0.32132963988919655,
          0.44321329639889195,
          0.5872576177285318,
          0.7534626038781163,
          0.9418282548476454,
          1.1523545706371192,
          1.3850415512465377,
          1.6398891966759004,
          1.916897506925207,
          2.2160664819944595,
          2.5373961218836567,
          2.880886426592798,
          3.2465373961218824,
          3.6343490304709136,
          4.044321329639889
        ],
        [
          0.09972299168975068,
          0.11080332409972299,
          0.14404432132963987,
          0.1994459833795014,
          0.27700831024930744,
          0.37673130193905807,
          0.4986149584487535,
          0.6426592797783932,
          0.8088642659279776,
          0.9972299168975067,
          1.2077562326869804,
          1.4404432132963991,
          1.6952908587257614,
          1.9722991689750686,
          2.271468144044321,
          2.592797783933518,
          2.9362880886426583,
          3.3019390581717447,
          3.6897506925207755,
          4.0997229916897515
        ],
        [
          0.17728531855955676,
          0.18836565096952906,
          0.22160664819944595,
          0.27700831024930744,
          0.3545706371191135,
          0.4542936288088642,
          0.5761772853185595,
          0.7202216066481995,
          0.8864265927977838,
          1.074792243767313,
          1.2853185595567862,
          1.5180055401662051,
          1.7728531855955678,
          2.049861495844875,
          2.349030470914127,
          2.670360110803324,
          3.013850415512465,
          3.379501385041551,
          3.7673130193905817,
          4.177285318559557
        ],
        [
          0.27700831024930744,
          0.2880886426592798,
          0.32132963988919655,
          0.37673130193905807,
          0.4542936288088642,
          0.5540166204986149,
          0.6759002770083101,
          0.81994459833795,
          0.9861495844875346,
          1.1745152354570636,
          1.385041551246537,
          1.6177285318559558,
          1.8725761772853187,
          2.1495844875346255,
          2.448753462603878,
          2.770083102493075,
          3.1135734072022156,
          3.4792243767313007,
          3.8670360110803315,
          4.277008310249307
        ],
        [
          0.39889196675900274,
          0.4099722991689751,
          0.44321329639889195,
          0.4986149584487535,
          0.5761772853185595,
          0.6759002770083101,
          0.7977839335180056,
          0.9418282548476454,
          1.1080332409972298,
          1.2963988919667586,
          1.5069252077562323,
          1.7396121883656512,
          1.994459833795014,
          2.271468144044321,
          2.570637119113573,
          2.8919667590027696,
          3.23545706371191,
          3.6011080332409966,
          3.988919667590027,
          4.3988919667590025
        ],
        [
          0.5429362880886426,
          0.5540166204986149,
          0.5872576177285318,
          0.6426592797783932,
          0.7202216066481995,
          0.81994459833795,
          0.9418282548476454,
          1.0858725761772852,
          1.2520775623268696,
          1.4404432132963985,
          1.6509695290858726,
          1.8836565096952906,
          2.1385041551246537,
          2.4155124653739604,
          2.714681440443213,
          3.0360110803324103,
          3.379501385041551,
          3.745152354570636,
          4.132963988919668,
          4.542936288088643
        ],
        [
          0.709141274238227,
          0.7202216066481995,
          0.7534626038781163,
          0.8088642659279776,
          0.8864265927977838,
          0.9861495844875346,
          1.1080332409972298,
          1.2520775623268696,
          1.418282548476454,
          1.6066481994459834,
          1.8171745152354568,
          2.0498614958448758,
          2.304709141274238,
          2.581717451523545,
          2.880886426592798,
          3.2022160664819945,
          3.545706371191135,
          3.911357340720221,
          4.299168975069252,
          4.709141274238227
        ],
        [
          0.8975069252077561,
          0.9085872576177284,
          0.9418282548476454,
          0.9972299168975067,
          1.074792243767313,
          1.1745152354570636,
          1.2963988919667586,
          1.4404432132963985,
          1.6066481994459834,
          1.7950138504155122,
          2.005540166204985,
          2.238227146814404,
          2.4930747922437675,
          2.770083102493074,
          3.069252077562326,
          3.3905817174515236,
          3.7340720221606643,
          4.09972299168975,
          4.487534626038779,
          4.897506925207756
        ],
        [
          1.1080332409972298,
          1.119113573407202,
          1.1523545706371192,
          1.2077562326869804,
          1.2853185595567862,
          1.385041551246537,
          1.5069252077562323,
          1.6509695290858726,
          1.8171745152354568,
          2.005540166204985,
          2.2160664819944595,
          2.448753462603878,
          2.7036011080332405,
          2.9806094182825476,
          3.2797783933518,
          3.6011080332409975,
          3.9445983379501386,
          4.310249307479223,
          4.698060941828254,
          5.10803324099723
        ],
        [
          1.3407202216066483,
          1.3518005540166202,
          1.3850415512465377,
          1.4404432132963991,
          1.5180055401662051,
          1.6177285318559558,
          1.7396121883656512,
          1.8836565096952906,
          2.0498614958448758,
          2.238227146814404,
          2.448753462603878,
          2.6814404432132966,
          2.936288088642659,
          3.2132963988919663,
          3.5124653739612186,
          3.833795013850416,
          4.177285318559557,
          4.542936288088641,
          4.930747922437672,
          5.340720221606649
        ],
        [
          1.595567867036011,
          1.6066481994459834,
          1.6398891966759004,
          1.6952908587257614,
          1.7728531855955678,
          1.8725761772853187,
          1.994459833795014,
          2.1385041551246537,
          2.304709141274238,
          2.4930747922437675,
          2.7036011080332405,
          2.936288088642659,
          3.1911357340720223,
          3.468144044321329,
          3.7673130193905817,
          4.0886426592797775,
          4.432132963988919,
          4.797783933518005,
          5.1855955678670345,
          5.595567867036011
        ],
        [
          1.872576177285318,
          1.88365650969529,
          1.916897506925207,
          1.9722991689750686,
          2.049861495844875,
          2.1495844875346255,
          2.271468144044321,
          2.4155124653739604,
          2.581717451523545,
          2.770083102493074,
          2.9806094182825476,
          3.2132963988919663,
          3.468144044321329,
          3.745152354570636,
          4.044321329639889,
          4.365650969529085,
          4.709141274238227,
          5.074792243767311,
          5.462603878116342,
          5.872576177285317
        ],
        [
          2.1717451523545703,
          2.1828254847645425,
          2.2160664819944595,
          2.271468144044321,
          2.349030470914127,
          2.448753462603878,
          2.570637119113573,
          2.714681440443213,
          2.880886426592798,
          3.069252077562326,
          3.2797783933518,
          3.5124653739612186,
          3.7673130193905817,
          4.044321329639889,
          4.343490304709141,
          4.664819944598337,
          5.0083102493074785,
          5.373961218836565,
          5.761772853185594,
          6.171745152354569
        ],
        [
          2.4930747922437675,
          2.5041551246537392,
          2.5373961218836567,
          2.592797783933518,
          2.670360110803324,
          2.770083102493075,
          2.8919667590027696,
          3.0360110803324103,
          3.2022160664819945,
          3.3905817174515236,
          3.6011080332409975,
          3.833795013850416,
          4.0886426592797775,
          4.365650969529085,
          4.664819944598337,
          4.986149584487534,
          5.329639889196675,
          5.695290858725762,
          6.083102493074793,
          6.493074792243768
        ],
        [
          2.836565096952908,
          2.847645429362881,
          2.880886426592798,
          2.9362880886426583,
          3.013850415512465,
          3.1135734072022156,
          3.23545706371191,
          3.379501385041551,
          3.545706371191135,
          3.7340720221606643,
          3.9445983379501386,
          4.177285318559557,
          4.432132963988919,
          4.709141274238227,
          5.0083102493074785,
          5.329639889196675,
          5.673130193905816,
          6.0387811634349005,
          6.426592797783933,
          6.836565096952909
        ],
        [
          3.2022160664819936,
          3.2132963988919654,
          3.2465373961218824,
          3.3019390581717447,
          3.379501385041551,
          3.4792243767313007,
          3.6011080332409966,
          3.745152354570636,
          3.911357340720221,
          4.09972299168975,
          4.310249307479223,
          4.542936288088641,
          4.797783933518005,
          5.074792243767311,
          5.373961218836565,
          5.695290858725762,
          6.0387811634349005,
          6.404432132963988,
          6.7922437673130185,
          7.202216066481992
        ],
        [
          3.5900277008310244,
          3.6011080332409966,
          3.6343490304709136,
          3.6897506925207755,
          3.7673130193905817,
          3.8670360110803315,
          3.988919667590027,
          4.132963988919668,
          4.299168975069252,
          4.487534626038779,
          4.698060941828254,
          4.930747922437672,
          5.1855955678670345,
          5.462603878116342,
          5.761772853185594,
          6.083102493074793,
          6.426592797783933,
          6.7922437673130185,
          7.180055401662049,
          7.5900277008310235
        ],
        [
          4.0,
          4.011080332409972,
          4.044321329639889,
          4.0997229916897515,
          4.177285318559557,
          4.277008310249307,
          4.3988919667590025,
          4.542936288088643,
          4.709141274238227,
          4.897506925207756,
          5.10803324099723,
          5.340720221606649,
          5.595567867036011,
          5.872576177285317,
          6.171745152354569,
          6.493074792243768,
          6.836565096952909,
          7.202216066481992,
          7.5900277008310235,
          8.000000000000002
        ]
      ],
      [
        [
          0.0,
          0.011080332409972297,
          0.04432132963988919,
          0.09972299168975068,
          0.17728531855955676,
          0.27700831024930744,
          0.39889196675900274,
          0.5429362880886426,
          0.709141274238227,
          0.8975069252077561,
          1.1080332409972298,
          1.3407202216066483,
          1.595567867036011,
          1.872576177285318,
          2.1717451523545703,
          2.4930747922437675,
          2.836565096952908,
          3.2022160664819936,
          3.5900277008310244,
          4.0
        ],
        [
          0.011080332409972297,
          0.022008548123479712,
          0.05502137030869928,
          0.11004274061739858,
          0.18707265904957757,
          0.2861111256052363,
          0.40715814028437475,
          0.5502137030869928,
          0.7152778140130908,
          0.9023504730626682,
          1.1114316802357254,
          1.3425214355322623,
          1.5956197389522795,
          1.870726590495775,
          2.1678419901627515,
          2.4869659379532076,
          2.8280984338671433,
          3.191239477904557,
          3.576389070065453,
          4.011080332409972
        ],
        [
          0.04432132963988919,
          0.05502137030869928,
          0.08803419249391885,
          0.14305556280261814,
          0.22008548123479713,
          0.3191239477904558,
          0.4401709624695943,
          0.5832265252722124,
          0.7482906361983103,
          0.9353632952478879,
          1.1444445024209453,
          1.3755342577174825,
          1.6286325611374992,
          1.9037394126809946,
          2.200854812347971,
          2.519978760138428,
          2.861111256052363,
          3.224252300089777,
          3.6094018922506725,
          4.044321329639889
        ],
        [
          0.09972299168975068,
          0.11004274061739858,
          0.14305556280261814,
          0.19807693311131744,
          0.2751068515434964,
          0.3741453180991551,
          0.4951923327782936,
          0.6382478955809117,
          0.8033120065070093,
          0.990384665556587,
          1.1994658727296443,
          1.4305556280261817,
          1.6836539314461978,
          1.958760782989694,
          2.2558761826566704,
          2.575000130447127,
          2.9161326263610614,
          3.279273670398477,
          3.6644232625593722,
          4.0997229916897515
        ],
        [
          0.17728531855955676,
          0.18707265904957757,
          0.22008548123479713,
          0.2751068515434964,
          0.3521367699756754,
          0.4511752365313341,
          0.5722222512104725,
          0.7152778140130908,
          0.8803419249391885,
          1.067414583988766,
          1.2764957911618229,
          1.5075855464583607,
          1.7606838498783772,
          2.035790701421873,
          2.3329061010888497,
          2.6520300488793054,
          2.993162544793241,
          3.3563035888306563,
          3.7414531809915514,
          4.177285318559557
        ],
        [
          0.27700831024930744,
          0.2861111256052363,
          0.3191239477904558,
          0.3741453180991551,
          0.4511752365313341,
          0.5502137030869928,
          0.6712607177661312,
          0.8143162805687493,
          0.9793803914948473,
          1.1664530505444248,
          1.3755342577174818,
          1.6066240130140192,
          1.8597223164340362,
          2.1348291679775317,
          2.4319445676445084,
          2.7510685154349646,
          3.0922010113489,
          3.455342055386314,
          3.8404916475472093,
          4.277008310249307
        ],
        [
          0.39889196675900274,
          0.40715814028437475,
          0.4401709624695943,
          0.4951923327782936,
          0.5722222512104725,
          0.6712607177661312,
          0.7923077324452698,
          0.9353632952478879,
          1.1004274061739856,
          1.287500065223563,
          1.4965812723966203,
          1.727671027693158,
          1.9807693311131744,
          2.2558761826566704,
          2.5529915823236466,
          2.8721155301141024,
          3.213248026028037,
          3.5763890700654533,
          3.961538662226348,
          4.3988919667590025
        ],
        [
          0.5429362880886426,
          0.5502137030869928,
          0.5832265252722124,
          0.6382478955809117,
          0.7152778140130908,
          0.8143162805687493,
          0.9353632952478879,
          1.0784188580505059,
          1.2434829689766038,
          1.430555628026181,
          1.6396368351992388,
          1.8707265904957755,
          2.1238248939157924,
          2.3989317454592882,
          2.696047145126265,
          3.0151710929167215,
          3.3563035888306563,
          3.7194446328680706,
          4.1045942250289675,
          4.542936288088643
        ],
        [
          0.709141274238227,
          0.7152778140130908,
          0.7482906361983103,
          0.8033120065070093,
          0.8803419249391885,
          0.9793803914948473,
          1.1004274061739856,
          1.2434829689766038,
          1.4085470799027016,
          1.5956197389522793,
          1.8047009461253365,
          2.035790701421874,
          2.28888900484189,
          2.563995856385386,
          2.861111256052363,
          3.180235203842819,
          3.521367699756754,
          3.884508743794169,
          4.269658335955064,
          4.709141274238227
        ],
        [
          0.8975069252077561,
          0.9023504730626682,
          0.9353632952478879,
          0.990384665556587,
          1.067414583988766,
          1.1664530505444248,
          1.287500065223563,
          1.430555628026181,
          1.5956197389522793,
          1.7826923980018567,
          1.9917736051749133,
          2.2228633604714507,
          2.4759616638914683,
          2.7510685154349637,
          3.04818391510194,
          3.3673078628923965,
          3.7084403588063317,
          4.071581402843747,
          4.456730995004641,
          4.897506925207756
        ],
        [
          1.1080332409972298,
          1.1114316802357254,
          1.1444445024209453,
          1.1994658727296443,
          1.2764957911618229,
          1.3755342577174818,
          1.4965812723966203,
          1.6396368351992388,
          1.8047009461253365,
          1.9917736051749133,
          2.200854812347971,
          2.4319445676445084,
          2.6850428710645247,
          2.960149722608021,
          3.257265122274997,
          3.576389070065454,
          3.9175215659793894,
          4.280662610016804,
          4.665812202177699,
          5.10803324099723
        ],
        [
          1.3407202216066483,
          1.3425214355322623,
          1.3755342577174825,
          1.4305556280261817,
          1.5075855464583607,
          1.6066240130140192,
          1.727671027693158,
          1.8707265904957755,
          2.035790701421874,
          2.2228633604714507,
          2.4319445676445084,
          2.6630343229410456,
          2.9161326263610623,
          3.191239477904558,
          3.4883548775715347,
          3.8074788253619913,
          4.148611321275927,
          4.51175236531334,
          4.896901957474236,
